"","Comp.1","Comp.2","Comp.3","Comp.4","Comp.5","Comp.6","Comp.7","Comp.8","Comp.9","Comp.10","Comp.11","Comp.12","Comp.13","Comp.14","Comp.15","Comp.16","Comp.17","Comp.18","Comp.19","Comp.20","Comp.21","Comp.22","Comp.23","Comp.24","Comp.25"
"q1",0.0993354547212515,-0.0595623338987057,-0.0829901327240429,0.321886243839093,-0.287569798950501,0.438649025696247,0.104134007106932,-0.181194314364664,0.0411861962222113,-0.0233475936190933,-0.476215240221951,-0.033370754727005,0.184869210322839,0.0691192854581802,-0.0639063310507566,0.303276495006355,0.116202705615926,-0.072547220364674,0.118586561705919,-0.073567965084261,0.0858010964469516,-0.0344900748026832,-0.0704746022178799,-0.359998505737819,-0.10389009205811
"q2",-0.297334841734159,0.141099186022057,0.0599305033413967,0.068069678282848,0.134985774273877,0.0167932571611739,-0.13412672288881,-0.0961144475166276,-0.0208400761955891,0.301476454313476,-0.0722084077381479,-0.19239582854093,-0.251970699809715,-0.150971031832673,0.314263808246675,0.36396601688328,-0.00120959350444061,-0.151590785767192,0.375637476875148,-0.309378042604631,-0.15334146803754,0.197248072052871,0.169753204768539,0.185785718555733,-0.0332755252375661
"q3",-0.194575633563134,0.089869753014905,-0.321583144765728,-0.0841816079469941,-0.0349215262528394,0.334319801781993,-0.433324776816826,-0.00861674681542692,-0.130237222472431,-0.341471031537649,0.248532802940084,-0.126918881223859,-0.0394782542651569,-0.298284723016187,-0.205337272183392,0.0195284845721812,0.0868477722247945,-0.166505171950961,-0.0720070903275597,0.143572863290177,0.033835160096382,0.180489707410484,0.248738916489601,-0.171176872425108,0.110683306961237
"q4",-0.0572787275821171,-0.0912773014307018,-0.130793766450577,0.28595588348859,-0.371725761857704,-0.244328284076886,-0.0402730393974826,0.0152791332142511,-0.710807280869274,-0.0847053269831061,0.108766635441552,-0.0474368197992351,-0.130692442255715,0.235193861801694,0.219664541048949,0.0136329122445365,-0.171941104364475,0.00850162675139867,0.00245699552693439,0.0342916850186991,-0.010062659597952,0.0352800304016269,-0.0818124706623612,-0.0576166481700245,0.0162412882896939
"q5",0.0144260211607928,0.373243962352964,-0.13673604830604,0.164386729357372,0.0400674708583325,0.191364829356749,-0.194083854700474,-0.00127628086916929,-0.185589492026089,0.580269476426729,0.11776151822914,-0.000792624908229516,0.450626259923943,0.00313906943943178,-0.0846128717595288,-0.314206683519963,-0.00917581559164565,0.0313770881244352,0.0847978583664976,0.0186382024751263,-0.0685599194080446,-0.088653768135484,-0.121615789127612,0.0403064141368126,0.0854382581570986
"q6",-0.17344881998103,0.0883002455628124,0.0937719187497198,0.125883828623942,0.0798170880316716,0.0546078405369691,-0.100694806814062,-0.289412516368211,0.0683300128008446,-0.236071339588676,0.19281764113406,-0.0401004302218552,-0.264728533336026,0.0828792638787284,-0.32333503986108,-0.142942745841124,-0.0918513168505734,0.185501645587862,0.431107773225947,-0.0157638885306635,-0.172487408002387,-0.248358789893296,-0.391437498807907,-0.0575615634720132,-0.237049675282433
"q7",-0.249546397245266,0.270903343521277,0.0729001662041092,-0.0435748026704077,0.106293662657316,0.0222452161908954,-0.116488068071785,-0.532433418563094,0.0456578900573573,0.0401826617530703,-0.116108823280756,0.0745762938042473,-0.122839244303445,0.292757597290205,0.0947425779353936,-0.0372501163974785,-0.193968673888935,0.017347174295575,-0.575764632388914,-0.106704530558106,-0.00693652973074692,-0.0400094262454766,0.0981109763473072,-0.149270629802028,-0.00157649576994812
"q8",0.0597382677431785,-0.0396951060069128,-0.0634957398562344,0.214896636675635,-0.00437941806187378,-0.0136552040408427,-0.109367254718619,-0.201994227836945,0.217872208276589,-0.0180616403943369,0.049212310440732,0.034078499292249,-0.0843730078991866,0.12947747910944,-0.0151122609714425,0.185190800690167,-0.0797130949704072,-0.0979602957672831,0.0881866387260723,0.18745947085184,0.277802011497767,0.00723127936533384,-0.245624629449139,0.277349943846973,0.713120516389355
"q9",0.261531776256349,-0.0959847625896221,-0.0527636246149662,0.24386405730669,-0.00442378234625281,-0.00622709764229948,-0.456799583332784,0.194789910158156,0.378548457723589,-0.0567336645527068,0.125531226396047,0.0204793530746616,0.047900981815369,0.251650652531669,0.341058313844912,0.0330267750683486,-0.223745368937566,0.0906039127690621,0.0615729086289464,0.0958263620114725,-0.282520912442648,-0.159755130411384,0.241948107401817,-0.164266749187677,-0.0750375651315789
"q10",0.262951136900483,0.082357681630561,-0.204978812797126,-0.345499105658956,0.20363001807565,0.270297480719876,0.153960549778298,0.054502875999387,-0.117550981247154,0.00813136469871044,0.0375740572661527,-0.131863663023966,-0.189880920286654,0.520993117707973,0.0314951497783267,-0.0546192736113983,-0.0149459669196104,-0.491155965888002,0.149383208539105,0.0505750653999834,-0.0111790732249017,-0.0787160389073345,-0.00127085261505279,0.0355492849045874,-0.058500867420237
"q11",0.280663344884114,0.138793614127637,0.0548153376829843,0.106162814203168,0.0484722819932761,-0.151545797724129,-0.234620426664068,-0.085841554871568,-0.000517868550882397,-0.217318115632387,-0.101619251960767,-0.13479171824958,0.0594316227383213,0.304438361958083,-0.0811605943084475,-0.221484569603916,0.420272161035501,0.18275134622344,0.0700107269489364,-0.323946334570318,0.107816878934613,0.469516033829011,0.0585587753021789,0.129121160385848,-0.018365241125261
"q12",-0.0755374529616008,-0.231853757677445,-0.558209501189787,-0.232467179925332,-0.154220912855701,-0.396002863068105,-0.0278695016385609,-0.298338742116251,0.153128530696844,0.214360159007198,-0.247022074380353,-0.0583440698459984,-0.004349271625609,0.0264309573431731,-0.137727884987997,-0.0990349879288495,0.0921375452038413,0.0365563118689739,0.137781547677062,0.176087058056166,-0.263246535230447,0.0641589953689597,0.0705584138530332,-0.0534514514191725,0.0114143726314364
"q13",0.274042092518437,0.102951437923424,-0.0494601471114233,-0.104892029327242,0.021273024044503,-0.0138695702860644,-0.402216169241065,0.138358697695188,-0.192601899944312,-0.0336966621233889,-0.548505049032888,0.240879982298465,-0.297049558158607,-0.256133371524818,-0.0867131030548527,-0.100703877900229,-0.146470971291787,-0.0308521889508756,-0.0351163062028853,-0.132074015191056,0.0205514973902026,-0.257796394930739,-0.0901455395785044,0.18515216631981,0.0173529778223127
"q14",-0.273385547918237,-0.0434806233748579,-0.362002873639186,-0.158796337106479,0.284406198349689,-0.0353270125697047,-0.170210088608707,0.18300898069972,0.0303370273764422,-0.129048579968666,-0.0350225828797715,0.216772645221585,0.264629211203495,0.110886461293091,0.256036343939621,0.214681922197322,-0.0210670490241816,0.0963527949588828,-0.0203528142841806,-0.103225470337979,0.231839313759885,0.115158368467607,-0.482017398818064,-0.0216970396628586,-0.205257671139635
"q15",-0.0463247847255946,-0.530594405996532,0.011803829783372,0.218698920464779,0.597693304305907,0.189846371831465,0.0442299903749328,-0.141696708331904,-0.236834952595839,-0.0529271453101375,-0.182314071926032,-0.125564093383732,0.0705802010508068,-0.0723935319081168,0.110452220718594,-0.278740505965045,-0.0420464516809671,0.0768265797823432,0.00339693457771604,0.0425110303328548,-0.10081984776014,0.0136636033238323,0.0806815882377142,-0.0140979899527468,0.135934209895485
"q16",0.0242343023314493,-0.100505158323425,0.00160505278873754,0.133037336960252,-0.0484310315827029,0.101729814309156,-0.107330527902614,-0.149389546429568,0.0393821088674123,0.136495588987931,-0.031599588331716,-0.0674117382253789,-0.0446522856770761,0.0195271691583436,-0.0484096222398671,-0.0054507012945766,-0.166693288375878,0.0377380799484983,-0.0139516591329255,0.433295755795425,0.418829280459571,0.142933458838404,0.146966239193363,0.431113482310364,-0.523591984892281
"q17",0.0287184516228649,0.206478801386422,0.265996160511949,0.109740566637972,0.231455243190295,-0.179001160270281,-0.0889507737979146,-0.00370925706311766,-0.120858467505894,0.00971228898834039,-0.128271176590494,0.252356227191667,-0.0401801078058783,-0.00653494408719309,0.0322742924427527,0.162230982082965,0.337666685318312,-0.204461479887952,0.00106650520697766,0.58846371087535,-0.253799381375099,0.186022187134799,-0.140665337079454,-0.180131579780025,-0.0546211435381883
"q18",-0.34635934774283,-0.109435501661199,0.108828318964,0.19813295817439,-0.148698102339464,-0.175249449845378,-0.136185325765571,0.0771829216731081,0.15411972937675,-0.150113991597856,-0.107917006795644,-0.171307263464394,0.192307692132378,0.0253027778846126,0.0538079670156172,-0.264176430759615,0.234389873782079,-0.572683875918558,-0.106748075498889,-0.0858553534560665,-0.00228391895106144,-0.29076600508568,-0.076023036466831,0.202311618117482,-0.0954674252383911
"q19",-0.296944853441475,0.051915683123801,-0.0129711687396224,-0.0676173405287821,-0.156831582332144,0.331956105652232,0.0271851699198567,0.325701330628748,0.0271625165387967,-0.00385637384605394,-0.214705632415017,-0.246019249794714,-0.172474379571411,0.228039842244261,0.0474554577094498,-0.00296705433470651,0.214771447438598,0.40014115946443,-0.177195787142926,0.215744110142435,-0.285641148923971,-0.0318409318830731,-0.0944077727448526,0.285455045458307,0.119180526253376
"q20",0.223969968385612,0.134883722806867,-0.114501997795847,-0.0616644121094035,-0.141867851801989,0.125269551085711,0.107558911982051,-0.255390142415949,0.0991696722600846,-0.0688090493603906,0.082471526204741,-0.13274286240832,-0.162870390508597,-0.34429362192605,0.629569277565302,-0.306491167601579,0.208243543035324,0.0438164258519897,-0.0133261724764011,0.101423342053493,0.0685951947851996,-0.0318707522439083,-0.249082274296348,-0.0512340254161601,-0.0403788145817007
"q21",-0.0789202336278542,0.0835704137624602,-0.105899420278731,0.00293673289266618,0.154972637338498,-0.109574449292461,-0.00572060183286083,-0.0594242522712365,-0.138310192000177,0.00387971728399659,0.0591290867949786,0.0952889512842322,-0.030255685363995,0.0976077123056787,0.0803673591412002,0.147237898935651,0.462052050039864,0.236158864993158,0.139312296465957,0.0456117139993048,0.335985496645061,-0.572352055562261,0.364185314736265,-0.0336094019160775,0.0262779793947705
"q22",-0.0954349288720253,0.125205224703061,-0.38481036727019,0.450231947406809,0.0516039842432763,0.0954346977852851,0.319742176535043,0.124907337326279,0.136306595749538,-0.0393749533318019,0.0651122645195991,0.516754268975348,-0.26549462611856,-0.00651523913776619,-0.0339600878991011,-0.18499752469788,0.0674102117378777,-0.0815790593918357,-0.0511448771352702,-0.113622235370422,-0.103014920814696,0.125329109966723,0.145899953524661,0.141369652997123,-0.0564973215136341
"q23",0.086707590477376,0.00120660779742536,-0.1547489356687,0.272762116122403,0.202475849630114,-0.181117731458512,-0.0215994040561819,0.262197845436503,0.110260564823259,0.295621737191958,0.0485293977551594,-0.438820973590463,-0.373976620719628,-0.0611472928451209,-0.185721712360854,0.0508309618760052,0.0734278360445399,-0.0184443783254268,-0.277233395438314,-0.0373569280626153,0.21252997702798,-0.0194255579542934,-0.197134454507492,-0.320587011350108,-0.0693331191714654
"q24",0.328109377984071,-0.0246296309550168,-0.185071724699498,0.111674966693801,0.101101932503551,-0.00931816049098471,0.0375612344493985,-0.214927066707372,-0.106927065987594,-0.0971251460392514,0.205170589552863,-0.121652841803392,0.161562314649401,-0.125881375735061,-0.0990927956607968,0.417982006183046,0.133706332464215,-0.0116956244788713,-0.317720340560081,-0.113589046814639,-0.368961475038851,-0.178655756407962,-0.12010739074885,0.384652213891231,-0.14341381012629
"q25",-0.0147891343543863,0.496144163978599,-0.160486773425551,0.129574751745519,0.183154777826402,-0.228460898827485,0.270378950636859,0.0768423306702123,0.0232345183506374,-0.359101000689751,-0.263502487393971,-0.340325203290863,0.221278720832902,-0.0821378263056109,0.0295409050889916,0.00084634742765748,-0.332084294909539,0.0471296404629187,0.112562697701602,0.157606794408472,0.00824358181724951,-0.0387671070499447,0.142939293964915,0.0346316927957128,0.0422056329145058
