"","Comp.1","Comp.2","Comp.3","Comp.4","Comp.5","Comp.6","Comp.7","Comp.8","Comp.9","Comp.10","Comp.11","Comp.12","Comp.13","Comp.14","Comp.15","Comp.16","Comp.17","Comp.18","Comp.19","Comp.20","Comp.21","Comp.22","Comp.23","Comp.24","Comp.25"
"q1",0.104683620567847,-0.163574777723318,0.0536549954384189,-0.256786197697051,0.0387746375404413,0.252888064733747,-0.132955500928544,0.179480521533949,-0.0909181337365534,-0.229722061348602,-0.181657338230778,0.318353944236808,0.13800546875971,0.569597653596758,-0.0952237225628407,-0.0793477056652714,0.146994153867753,0.0705795067052993,0.0586346037857032,0.387775497338149,-0.158639023391938,0.0617923464018109,0.066663358884005,-0.0827306422061986,0.0566849950743985
"q2",-0.299022364201302,0.0149370442225614,-0.0286559760920303,-0.054484831972986,-0.156046467028615,-0.00924551376124962,0.0574573834086729,0.0834355216291567,-0.0848012125710004,-0.201001324630276,0.299124059969706,0.489618115325651,-0.169882658179758,0.0912546547636146,-0.0738631354159532,0.199411315220382,0.226625625184611,0.0548141651070541,0.158870275130604,-0.393193674099494,0.353278900123307,0.158004820305357,0.122628638756096,0.115898242577688,0.0150133331868332
"q3",-0.216719584940796,-0.181983370985159,-0.315915401286975,-0.100801320706099,0.222244527217014,-0.136360889572368,-0.370121915069584,0.10665617980953,0.262886214040198,-0.217518534187672,0.224550684625334,0.208178095452113,0.103088361811214,-0.301694364999466,0.159329548270037,0.271685466313288,0.00388618145198895,-0.153612475234108,-0.239047728857362,0.237171097461597,-0.149162539847648,-0.139421139798201,-0.0355711417926192,-0.0139132437896412,0.0491516822441912
"q4",-0.0531593473624152,-0.167361309050303,-0.108162977398798,-0.15044879097102,-0.100435721979602,0.232934776367641,0.130552249780716,-0.815911225572186,-0.0892158905858318,-0.247725157254783,0.124465728414274,-0.0767392409303517,0.226826343907274,-0.0386010491439525,-0.0108631450953065,0.12427156916903,-0.0555460341033162,0.0852851604560364,0.0458922546485561,0.088131415815093,-0.00528337200316926,0.0583249212215496,0.0151125908062549,0.0659064016823912,0.0169057786468027
"q5",-0.0392232378947599,0.145611199622139,-0.368852901210124,-0.186350649239739,0.132602696260826,0.119786923967603,0.0729076246553483,-0.257578643056047,0.151643780862674,0.281144144377082,-0.181252221099838,0.378843899369856,-0.193399714672963,0.0292318759234479,0.135614392099099,-0.492160916034171,0.0166529308743536,-0.303150165833936,-0.131500658213335,-0.109654089491896,-0.0109211977108209,0.0345754524207638,-0.0115080850925545,0.0501694197203758,-0.0119492309831554
"q6",-0.285601196903439,-0.0204524693267657,0.117913292249626,-0.300891515216256,-0.0402125178557592,0.0750728677362048,0.0825835430858282,0.176755270724516,0.204561472665568,-0.179582512379708,-0.252207248728322,-0.00705723841369157,0.146752641029555,-0.351983237694577,-0.129192398902094,-0.184640709292094,-0.31580370615056,-0.135327025127611,0.550484240066699,0.0641878445935908,0.0818283063650271,0.0346778730732571,0.0141038962821778,0.013040040522306,0.0287788614663409
"q7",-0.262499168948281,0.117931335966433,-0.176006595715749,-0.098817720951092,-0.369765051106419,-0.0716612636966261,0.38112749198556,0.170362505058065,0.458850978299987,-0.116470324827395,0.0925254561556777,-0.254871367244987,0.144753782062611,0.222063365241361,0.0459881623343147,-0.143326191241426,0.0654612122813734,0.170936186638082,-0.328344008032972,0.120954953683689,0.0427080451023664,0.0569258923256318,0.0471669818789877,0.080548562631821,0.00504400342593245
"q8",0.0205948132810083,-0.111684882718908,-0.0228607129979893,-0.0915754480760415,-0.0836638915421507,0.100598432730277,0.0561235800135718,-0.0227547832520928,0.128985462475844,-0.109052084336829,-0.00201542683941113,0.0475657882610741,-0.0410487592662298,0.0187160618275723,0.0249041319570058,-0.0161312744031137,0.0252867284567286,0.100174193754569,-0.000316564537622972,-0.226174349229908,0.0695211805537599,-0.325964075264332,-0.251974347167596,-0.733608085775225,-0.386144464540399
"q9",0.203183545416336,-0.128181171973354,0.00360534333083049,-0.151020413888964,0.0443984612289418,0.0475270201331421,-0.0660933507337225,-0.00858540311244157,0.127597143749114,-0.0955411540900075,-0.195443247250598,-0.0965035265240677,0.00967034499220265,0.0484448483895823,-0.0531132476943708,0.0589225574445509,-0.0948165815212246,-0.0307186940467747,-0.158717517514922,-0.2919592369864,0.175176059766027,-0.462616136400585,0.657632618868163,0.0599510744409269,0.167331842217537
"q10",0.222516695761389,0.00447269759239564,-0.336521221205987,0.0235319799687586,0.135036933082694,-0.449864389492343,0.415290681413998,0.0614253421310565,-0.271221792059764,-0.411797622028669,-0.339850156028102,0.0922838710220515,0.0444884160445101,-0.138860143363653,0.0981373484067431,0.00869730384964963,0.113748883072603,0.101846736020923,0.0375643932042939,-0.0519122724899685,-0.111567095547757,0.0401369903253341,-0.00783690940299516,-0.0112691270429725,0.00534795449128804
"q11",0.257768997717355,-0.104942159644753,-0.0100208604781259,-0.211212091320417,-0.0656436805747013,0.0165414405191401,-0.150734069323704,0.0518703845816866,0.163552593494558,-0.100815561259998,-0.190231197739517,-0.105147499263498,0.114270800018036,0.0843615787092688,-0.145504466402957,0.236757986146451,-0.18006645004264,-0.276049695721068,-0.24844287066939,-0.404890151120063,-0.00774683111446725,0.53226178576468,-0.220225188434686,-0.0114009249894958,0.000776088994250683
"q12",0.0197859012796054,-0.387580857471798,-0.307044020210267,0.561580001997611,-0.226402210911002,0.380585933528407,0.184316938252395,0.186886044885234,-0.0144588695100478,0.157829429525885,-0.115773380189003,0.172500279872894,0.25710876327489,-0.0772878531409397,0.00100810901134656,0.0771258492022298,-0.111197395280453,-0.10953144541226,0.0349209067075756,-0.0177032590583178,0.00555700040372451,0.00311493306776895,0.045653864104121,0.0182341901291855,0.0089307377497535
"q13",0.226566887618792,0.0657775717445925,-0.170538195576798,-0.0500473420351923,-0.697871694646855,-0.106540341894995,-0.49185813551916,-0.0236357199357739,-0.107882411084501,-0.0585041385450215,-0.088821808523508,0.0400396254733449,-0.0345827430007485,-0.232613126795295,0.0305658446485883,-0.224749715066564,0.120159550451082,0.141932638945928,0.0441244217779864,0.0490306748350421,0.00241985029244941,-0.0101055639402235,0.0136404646690696,0.0366117368364701,0.00446423112091175
"q14",-0.323095728534156,-0.26238084593142,-0.427261503307118,0.0896343524343694,0.109865124459584,-0.197088697828699,-0.247700649325637,-0.0326743594493818,-0.0930275761432765,0.00734038431954516,-0.00753031222738001,-0.365534268808439,-0.148672996260987,0.305384206269112,-0.389139889499463,-0.148837293504582,0.014044465376161,-0.00797564909584712,0.213646716773237,-0.148579877256735,-0.105709239420533,-0.0340207143558628,-0.0103479861497864,0.0445550663779835,-0.0954451513984282
"q15",-0.0479940240485245,-0.519765774108149,0.248734082467856,-0.126724865981142,-0.156980914389784,-0.544445557354709,0.108192720302227,-0.161711658162184,0.133546599342751,0.429670467019203,-0.100859900921908,0.223070440543868,0.0662043429983464,0.0445133568757779,-0.0131250510819848,0.0620360316989074,0.0290084002975571,0.0279204357984534,0.0174249116120011,0.0935964982806969,0.0025794885739941,0.0421809071368897,0.0587933606262219,-0.040674789608172,-0.0184470757784664
"q16",0.050347466763699,-0.189796649990778,0.037337065098402,-0.108298072142612,-0.0503499220806449,0.0760553435017796,0.0771989259213796,0.0335727877355092,0.027653574301344,-0.0364320646247707,-0.0724176322196647,0.0277843289895906,-0.14136864916847,0.0496705649569032,-0.0443638673058465,0.00719831240510361,-0.0027977547990279,0.107579437907118,-0.0376521091559059,-0.118252797892204,0.068452871488629,-0.426433932301845,-0.623476561902181,0.307031480127759,0.451472432393933
"q17",-0.0169757817795233,0.262527077803242,-0.00384890429559046,-0.0744635037606506,-0.328999149047528,-0.0646093802412188,0.172483698915313,-0.0305654164420274,-0.068222729587742,0.0358177595743716,-0.00995567867317031,0.0084260802399577,-0.0583275929468566,0.138186361790738,-0.133979246292585,0.365869509320191,0.0919505911998178,-0.595816385116725,0.127143099476818,0.0751870145297413,-0.318438565127117,-0.306876195764293,-0.00766433500663372,0.0645245230711597,-0.129024638241052
"q18",-0.37341068611168,-0.219032452142422,0.152184745511765,-0.0476999547481031,-0.0567224123214167,0.203700534415212,-0.0537896500193915,0.0130910483097959,-0.124678093503389,-0.0491580908908892,-0.40414670033504,-0.25346632476799,-0.266427819017632,-0.053998330748052,0.506839361492989,0.115806994110028,0.34368371691237,-0.0749077558289021,-0.0627112906944476,-0.0594572034652684,-0.0672272921407974,0.0992390532015889,0.0425641154270504,0.0275200042393905,-0.0387988938226386
"q19",-0.27401402078823,0.12151283238388,-0.055012222849396,-0.0634787811725763,-0.0529226102944274,-0.06879453965957,-0.0578624312510723,0.0160464519473128,-0.4127683218687,0.0498874097475164,-0.263674012433268,0.0593507890621665,0.0315209477274465,0.0602653600107411,-0.0867825133799913,0.120271118202582,-0.39357324837793,-0.0187346088560731,-0.362465669315607,0.239877246002796,0.470216092076913,-0.089815920473977,-0.0873538822169236,0.0210511594617696,-0.194946062813126
"q20",0.160598958189737,-0.0160563660464457,-0.201044041927117,-0.0386934959345923,-0.0786812384682629,-0.0693256883399145,-0.0196524099312027,0.0196329307346705,0.0919925613972736,0.0140247927342656,0.120385472669937,-0.020112881078907,-0.287940718012169,0.316547849365789,0.536726993309519,0.186795784028138,-0.525395990077634,0.10138828658686,0.313411962764129,0.0403299003159578,0.00816080817031214,0.0353836482806292,0.0214821706314034,0.0425017749825115,-0.0294583790854515
"q21",-0.121295077702082,0.107910453648798,-0.111626160426706,0.0402084011219338,-0.0831668536029844,-0.0638467114466858,0.0282489963066788,-0.0482408712941533,-0.105939735034503,0.076362979382003,0.0110959986525524,-0.0812886804361534,-0.0825345934197038,0.0247849089591399,-0.0226536582794115,0.0637570426071123,-0.014286932468235,-0.141468526912664,0.0194935298348275,0.0996006569005527,0.0915315178049167,0.138224940848097,0.0745847452475489,-0.561546285134729,0.728531734570206
"q22",0.0225387364514757,-0.2281336620051,-0.033042660530943,-0.380018235914423,-0.0427832527521407,0.0274477755841903,0.121188307264259,0.247260744269586,-0.480932389168092,0.107961253065436,0.438461841851335,-0.153736286216729,0.265853073040327,-0.0431996974447034,0.218537311459461,-0.263389435277271,-0.0496659466755124,-0.192111124080358,-0.070391954405195,-0.151775658359026,-0.073625919923725,-0.0374331187473608,0.0254655220091723,-0.00689012396731924,0.0117895697597336
"q23",0.0691888354274231,-0.231278240827159,0.013277010714877,-0.128739204889111,-0.0920570590172086,0.172722983383024,0.224134929642491,0.0837440125151856,-0.0702088576420492,-0.0665487976238027,0.122121051952254,0.0349401599364646,-0.638239885114135,-0.255766434967296,-0.324906136698808,0.00126160204899139,-0.195364730978046,0.100975750980875,-0.224719153749503,0.175661455332199,-0.243770814056696,0.123191024346153,0.135071304366709,-0.0267888384392743,-0.0480634637407969
"q24",0.343443881517179,-0.175569490306073,-0.152980206884073,-0.0761463616906835,0.0821098689616035,0.0297091841674866,0.0765767780072509,0.0389807702477012,0.111956005450127,-4.39469871735265e-06,0.103328374503586,-0.228861275829803,-0.157669070975264,-0.0480380434145381,-0.0249303523517349,0.0265304856506706,0.331529897579671,-0.287657401062798,0.152057739397976,0.342117753303662,0.592803153837406,0.056048745021079,-0.0504170639247793,0.0333375637736362,-0.109068919019402
"q25",0.0253223899388351,0.164120690419679,-0.342133622147144,-0.389183096525866,0.0726636398677924,0.186976243944834,0.0447985991672145,0.111777891200397,-0.0271374322368512,0.47947272605346,-0.12050575406408,-0.0492620478988829,0.107454660132534,-0.133138087605335,-0.0955286492525581,0.393288686365756,0.168914182537248,0.398115507045275,0.128126750762089,-0.0214607870733226,-0.0587323639756144,0.0223201108267727,0.020467223587407,0.00413634578461723,-0.0148786472414824
